49.012916 8.392662			
48.999735 8.385910
48.996763 8.410440
49.013962 8.430232
49.021481 8.412920
49.026567 8.385906
48.997076 8.377620 
49.005378 8.367144 
49.012516 8.363237 
49.016214 8.345833 
49.001669 8.462687 
48.997223 8.485256 
49.012916 8.392662		
48.999735 8.385910
48.996763 8.410440
49.013962 8.430232
49.021481 8.412920 
49.026567 8.385906
48.997076 8.377620
49.005378 8.367144
49.012516 8.363237
49.016214 8.345833
49.001669 8.462687
48.997223 8.485256
49.054553 8.389032
49.032700 8.336437
48.998980 8.294329
48.991077 8.346886
48.981649 8.328532
48.983529 8.365607
48.940605 8.406351
48.942617 8.418685
48.972696 8.454516
48.965381 8.481227
48.975692 8.451539
48.986895 8.467158
49.008588 8.468825
49.031155 8.504872
49.045059 8.447224
49.021487 8.429975
49.020061 8.440914
49.011345 8.435188
49.019291 8.401740
49.016214 8.345833
48.981036 8.378224
48.979199 8.403486
48.968259 8.402299
49.007135 8.396369
49.001043 8.394251
49.007896 8.378620
49.007353 8.414123
49.001517 8.407754
49.010111 8.403910
49.004457 8.405127
49.001962 8.422273
49.004250 8.431243
48.998620 8.388988
49.007165 8.372187
49.004488 8.363869
49.028639 8.383751
49.034461 8.397416
49.023967 8.353305
49.037392 8.367766
49.038031 8.383822
49.006802 8.403801
49.074588 8.400533
49.090700 8.428072
49.096032 8.482865
49.066231 8.474806
49.068231 8.511988
49.007979 8.518317
49.016342 8.522693
48.954657 8.511054
48.965861 8.292739
49.068240 8.341148
49.128507 8.599522
49.163383 8.631055
49.027827 8.453659
49.027462 8.350548
49.025283 8.470518